0.000000	-1.000000	0.000000
0.000000	-0.999986	0.005376
0.000000	-0.999942	0.010776
0.000000	-0.999869	0.016199
0.000000	-0.999766	0.021645
0.000000	-0.999632	0.027114
0.000000	-0.999468	0.032605
0.000000	-0.999273	0.038117
0.000000	-0.999047	0.043651
0.000000	-0.998789	0.049206
0.000000	-0.998498	0.054782
0.000000	-0.998176	0.060378
0.000000	-0.997820	0.065994
0.000000	-0.997431	0.071629
0.000000	-0.997009	0.077283
0.000000	-0.996553	0.082956
0.000000	-0.996063	0.088646
0.000000	-0.995539	0.094354
0.000000	-0.994979	0.100080
0.000000	-0.994385	0.105821
0.000000	-0.993756	0.111579
0.000000	-0.993090	0.117353
0.000000	-0.992389	0.123141
0.000000	-0.991652	0.128944
0.000000	-0.990878	0.134761
0.000000	-0.990068	0.140591
0.000000	-0.989220	0.146434
0.000000	-0.988336	0.152289
0.000000	-0.987414	0.158156
0.000000	-0.986455	0.164034
0.000000	-0.985457	0.169923
0.000000	-0.984422	0.175821
0.000000	-0.983349	0.181728
0.000000	-0.982237	0.187644
0.000000	-0.981087	0.193568
0.000000	-0.979898	0.199500
0.000000	-0.978670	0.205437
0.000000	-0.977404	0.211381
0.000000	-0.976098	0.217331
0.000000	-0.974753	0.223284
0.000000	-0.973369	0.229242
0.000000	-0.971946	0.235203
0.000000	-0.970484	0.241167
0.000000	-0.968982	0.247133
0.000000	-0.967440	0.253099
0.000000	-0.965859	0.259067
0.000000	-0.964239	0.265034
0.000000	-0.962579	0.271000
0.000000	-0.960880	0.276965
0.000000	-0.959141	0.282927
0.000000	-0.957363	0.288886
0.000000	-0.955546	0.294842
0.000000	-0.953690	0.300793
0.000000	-0.951794	0.306738
0.000000	-0.949859	0.312678
0.000000	-0.947886	0.318611
0.000000	-0.945873	0.324537
0.000000	-0.943822	0.330454
0.000000	-0.941732	0.336363
0.000000	-0.939604	0.342263
0.000000	-0.937438	0.348152
0.000000	-0.935234	0.354030
0.000000	-0.932992	0.359896
0.000000	-0.930713	0.365750
0.000000	-0.928397	0.371591
0.000000	-0.926043	0.377418
0.000000	-0.923653	0.383230
0.000000	-0.921226	0.389028
0.000000	-0.918763	0.394809
0.000000	-0.916264	0.400574
0.000000	-0.913730	0.406322
0.000000	-0.911160	0.412052
0.000000	-0.908556	0.417763
0.000000	-0.905917	0.423455
0.000000	-0.903244	0.429128
0.000000	-0.900537	0.434779
0.000000	-0.897797	0.440410
0.000000	-0.895023	0.446019
0.000000	-0.892218	0.451606
0.000000	-0.889380	0.457170
0.000000	-0.886510	0.462710
0.000000	-0.883609	0.468226
0.000000	-0.880677	0.473717
0.000000	-0.877715	0.479184
0.000000	-0.874722	0.484624
0.000000	-0.871701	0.490038
0.000000	-0.868650	0.495426
0.000000	-0.865571	0.500786
0.000000	-0.862464	0.506118
0.000000	-0.859330	0.511421
0.000000	-0.856169	0.516696
0.000000	-0.852981	0.521942
0.000000	-0.849767	0.527158
0.000000	-0.846528	0.532343
0.000000	-0.843265	0.537498
0.000000	-0.839977	0.542623
0.000000	-0.836665	0.547715
0.000000	-0.833330	0.552776
0.000000	-0.829972	0.557805
0.000000	-0.826593	0.562801
0.000000	-0.823192	0.567764
0.000000	-0.819769	0.572694
0.000000	-0.816327	0.577590
0.000000	-0.812865	0.582452
0.000000	-0.809383	0.587281
0.000000	-0.805883	0.592075
0.000000	-0.802365	0.596834
0.000000	-0.798829	0.601558
0.000000	-0.795276	0.606247
0.000000	-0.791707	0.610901
0.000000	-0.788122	0.615518
0.000000	-0.784522	0.620100
0.000000	-0.780908	0.624647
0.000000	-0.777279	0.629156
0.000000	-0.773636	0.633630
0.000000	-0.769981	0.638067
0.000000	-0.766313	0.642467
0.000000	-0.762634	0.646830
0.000000	-0.758943	0.651157
0.000000	-0.755242	0.655447
0.000000	-0.751530	0.659699
0.000000	-0.747809	0.663914
0.000000	-0.744078	0.668093
0.000000	-0.740339	0.672233
0.000000	-0.736592	0.676337
0.000000	-0.732838	0.680403
0.000000	-0.729077	0.684432
0.000000	-0.725309	0.688423
0.000000	-0.721535	0.692378
0.000000	-0.717756	0.696294
0.000000	-0.713973	0.700174
0.000000	-0.710184	0.704016
0.000000	-0.706391	0.707821
0.000000	-0.702573	0.711612
0.000000	-0.698716	0.715399
0.000000	-0.694823	0.719181
0.000000	-0.690892	0.722958
0.000000	-0.686924	0.726729
0.000000	-0.682918	0.730495
0.000000	-0.678875	0.734253
0.000000	-0.674795	0.738005
0.000000	-0.670678	0.741749
0.000000	-0.666523	0.745485
0.000000	-0.662330	0.749212
0.000000	-0.658101	0.752930
0.000000	-0.653835	0.756637
0.000000	-0.649531	0.760335
0.000000	-0.645191	0.764022
0.000000	-0.640813	0.767697
0.000000	-0.636399	0.771360
0.000000	-0.631948	0.775010
0.000000	-0.627461	0.778648
0.000000	-0.622938	0.782271
0.000000	-0.618378	0.785881
0.000000	-0.613783	0.789475
0.000000	-0.609151	0.793054
0.000000	-0.604484	0.796617
0.000000	-0.599782	0.800163
0.000000	-0.595045	0.803693
0.000000	-0.590272	0.807204
0.000000	-0.585466	0.810697
0.000000	-0.580624	0.814172
0.000000	-0.575749	0.817626
0.000000	-0.570840	0.821061
0.000000	-0.565898	0.824476
0.000000	-0.560922	0.827869
0.000000	-0.555914	0.831240
0.000000	-0.550873	0.834589
0.000000	-0.545800	0.837915
0.000000	-0.540696	0.841218
0.000000	-0.535560	0.844497
0.000000	-0.530393	0.847752
0.000000	-0.525196	0.850981
0.000000	-0.519969	0.854185
0.000000	-0.514712	0.857363
0.000000	-0.509426	0.860514
0.000000	-0.504112	0.863638
0.000000	-0.498769	0.866735
0.000000	-0.493399	0.869803
0.000000	-0.488001	0.872843
0.000000	-0.482577	0.875853
0.000000	-0.477127	0.878834
0.000000	-0.471651	0.881785
0.000000	-0.466150	0.884705
0.000000	-0.460625	0.887595
0.000000	-0.455076	0.890453
0.000000	-0.449504	0.893279
0.000000	-0.443908	0.896072
0.000000	-0.438291	0.898833
0.000000	-0.432652	0.901561
0.000000	-0.426993	0.904255
0.000000	-0.421313	0.906915
0.000000	-0.415613	0.909541
0.000000	-0.409895	0.912133
0.000000	-0.404158	0.914689
0.000000	-0.398404	0.917210
0.000000	-0.392633	0.919695
0.000000	-0.386845	0.922145
0.000000	-0.381042	0.924558
0.000000	-0.375224	0.926934
0.000000	-0.369392	0.929274
0.000000	-0.363546	0.931576
0.000000	-0.357687	0.933842
0.000000	-0.351816	0.936069
0.000000	-0.345934	0.938259
0.000000	-0.340041	0.940411
0.000000	-0.334138	0.942524
0.000000	-0.328226	0.944599
0.000000	-0.322305	0.946636
0.000000	-0.316376	0.948634
0.000000	-0.310441	0.950593
0.000000	-0.304499	0.952513
0.000000	-0.298551	0.954394
0.000000	-0.292598	0.956235
0.000000	-0.286641	0.958038
0.000000	-0.280681	0.959801
0.000000	-0.274718	0.961525
0.000000	-0.268752	0.963209
0.000000	-0.262786	0.964854
0.000000	-0.256818	0.966460
0.000000	-0.250851	0.968026
0.000000	-0.244885	0.969552
0.000000	-0.238920	0.971039
0.000000	-0.232957	0.972487
0.000000	-0.226997	0.973895
0.000000	-0.221041	0.975265
0.000000	-0.215088	0.976595
0.000000	-0.209141	0.977885
0.000000	-0.203199	0.979137
0.000000	-0.197264	0.980350
0.000000	-0.191335	0.981525
0.000000	-0.185414	0.982660
0.000000	-0.179501	0.983758
0.000000	-0.173597	0.984817
0.000000	-0.167703	0.985838
0.000000	-0.161818	0.986821
0.000000	-0.155944	0.987766
0.000000	-0.150082	0.988674
0.000000	-0.144231	0.989544
0.000000	-0.138393	0.990377
0.000000	-0.132568	0.991174
0.000000	-0.126756	0.991934
0.000000	-0.120958	0.992658
0.000000	-0.115176	0.993345
0.000000	-0.109408	0.993997
0.000000	-0.103656	0.994613
0.000000	-0.097920	0.995194
0.000000	-0.092202	0.995740
0.000000	-0.086500	0.996252
0.000000	-0.080816	0.996729
0.000000	-0.075150	0.997172
0.000000	-0.069503	0.997582
0.000000	-0.063875	0.997958
0.000000	-0.058267	0.998301
0.000000	-0.052679	0.998612
0.000000	-0.047111	0.998890
0.000000	-0.041564	0.999136
0.000000	-0.036038	0.999350
0.000000	-0.030533	0.999534
0.000000	-0.025051	0.999686
0.000000	-0.019591	0.999808
0.000000	-0.014153	0.999900
0.000000	-0.008739	0.999962
0.000000	-0.003348	0.999994
