1.000000	1453.000000	2.906000	0.002000
0.000000	0.000000	0.000000
0.000713	0.000143	0.001425
0.002851	0.000570	0.005702
0.006414	0.001283	0.012829
0.011403	0.002281	0.022806
0.017817	0.003563	0.035635
0.025657	0.005131	0.051314
0.034922	0.006984	0.069844
0.045613	0.009123	0.091225
0.057728	0.011546	0.115457
0.071270	0.014254	0.142539
0.086236	0.017247	0.172473
0.102628	0.020526	0.205257
0.120446	0.024089	0.240891
0.139689	0.027938	0.279377
0.160357	0.032071	0.320713
0.182450	0.036490	0.364901
0.205969	0.041194	0.411939
0.230914	0.046183	0.461827
0.257283	0.051457	0.514567
0.285079	0.057016	0.570157
0.314299	0.062860	0.628598
0.344945	0.068989	0.689890
0.377017	0.075403	0.754033
0.410513	0.082103	0.821027
0.445435	0.089087	0.890871
0.481783	0.096357	0.963566
0.519556	0.103911	1.039112
0.558754	0.111751	1.117508
0.599378	0.119876	1.198756
0.641427	0.128285	1.282854
0.684901	0.136980	1.369803
0.729801	0.145960	1.459603
0.776127	0.155225	1.552253
0.823877	0.164775	1.647755
0.873053	0.174611	1.746107
0.923655	0.184731	1.847310
0.975682	0.195136	1.951363
1.029134	0.205827	2.058268
1.084012	0.216802	2.168023
1.140315	0.228063	2.280629
1.198043	0.239609	2.396086
1.257197	0.251439	2.514394
1.317776	0.263555	2.635552
1.379781	0.275956	2.759561
1.443211	0.288642	2.886421
1.508066	0.301613	3.016132
1.574347	0.314869	3.148694
1.642053	0.328411	3.284106
1.711185	0.342237	3.422369
1.781742	0.356348	3.563483
1.853018	0.370604	3.706035
1.924294	0.384859	3.848587
1.995570	0.399114	3.991140
2.066846	0.413369	4.133692
2.138122	0.427624	4.276244
2.209398	0.441880	4.418796
2.280674	0.456135	4.561348
2.351950	0.470390	4.703900
2.423226	0.484645	4.846452
2.494502	0.498900	4.989005
2.565778	0.513156	5.131557
2.637054	0.527411	5.274109
2.708330	0.541666	5.416661
2.779607	0.555921	5.559213
2.850883	0.570177	5.701765
2.922159	0.584432	5.844317
2.993435	0.598687	5.986869
3.064711	0.612942	6.129422
3.135987	0.627197	6.271974
3.207263	0.641453	6.414526
3.278539	0.655708	6.557078
3.349815	0.669963	6.699630
3.421091	0.684218	6.842182
3.492367	0.698473	6.984734
3.563643	0.712729	7.127286
3.634919	0.726984	7.269839
3.706195	0.741239	7.412391
3.777471	0.755494	7.554943
3.848748	0.769750	7.697495
3.920024	0.784005	7.840047
3.991300	0.798260	7.982599
4.062576	0.812515	8.125151
4.133852	0.826770	8.267704
4.205128	0.841026	8.410256
4.276404	0.855281	8.552808
4.347680	0.869536	8.695360
4.418956	0.883791	8.837912
4.490232	0.898046	8.980464
4.561508	0.912302	9.123016
4.632784	0.926557	9.265568
4.704060	0.940812	9.408121
4.775336	0.955067	9.550673
4.846612	0.969322	9.693225
4.917888	0.983578	9.835777
4.989165	0.997833	9.978329
5.060441	1.012088	10.120881
5.131717	1.026343	10.263433
5.202993	1.040599	10.405985
5.274269	1.054854	10.548538
5.345545	1.069109	10.691090
5.416821	1.083364	10.833642
5.488097	1.097619	10.976194
5.559373	1.111875	11.118746
5.630649	1.126130	11.261298
5.701925	1.140385	11.403850
5.773201	1.154640	11.546403
5.844477	1.168895	11.688955
5.915753	1.183151	11.831507
5.987029	1.197406	11.974059
6.058306	1.211661	12.116611
6.129582	1.225916	12.259163
6.200858	1.240172	12.401715
6.272134	1.254427	12.544267
6.343410	1.268682	12.686820
6.414686	1.282937	12.829372
6.485962	1.297192	12.971924
6.557238	1.311448	13.114476
6.628514	1.325703	13.257028
6.699790	1.339958	13.399580
6.771066	1.354213	13.542132
6.842342	1.368468	13.684685
6.913618	1.382724	13.827237
6.984894	1.396979	13.969789
7.056170	1.411234	14.112341
7.127447	1.425489	14.254893
7.198723	1.439745	14.397445
7.269999	1.454000	14.539997
7.341275	1.468255	14.682549
7.412551	1.482510	14.825102
7.483827	1.496765	14.967654
7.555103	1.511021	15.110206
7.626379	1.525276	15.252758
7.697655	1.539531	15.395310
7.768931	1.553786	15.537862
7.840207	1.568041	15.680414
7.911483	1.582297	15.822966
7.982759	1.596552	15.965519
8.054035	1.610807	16.108071
8.125311	1.625062	16.250623
8.196588	1.639318	16.393175
8.267864	1.653573	16.535727
8.339140	1.667828	16.678279
8.410416	1.682083	16.820831
8.481692	1.696338	16.963384
8.552968	1.710594	17.105936
8.624244	1.724849	17.248488
8.695520	1.739104	17.391040
8.766796	1.753359	17.533592
8.838072	1.767614	17.676144
8.909348	1.781870	17.818696
8.980624	1.796125	17.961248
9.051900	1.810380	18.103801
9.123176	1.824635	18.246353
9.194452	1.838890	18.388905
9.265728	1.853146	18.531457
9.337005	1.867401	18.674009
9.408281	1.881656	18.816561
9.479557	1.895911	18.959113
9.550833	1.910167	19.101666
9.622109	1.924422	19.244218
9.693385	1.938677	19.386770
9.764661	1.952932	19.529322
9.835937	1.967187	19.671874
9.907213	1.981443	19.814426
9.978489	1.995698	19.956978
10.049765	2.009953	20.099530
10.121041	2.024208	20.242083
10.192317	2.038463	20.384635
10.263593	2.052719	20.527187
10.334869	2.066974	20.669739
10.406146	2.081229	20.812291
10.477422	2.095484	20.954843
10.548698	2.109740	21.097395
10.619974	2.123995	21.239947
10.691250	2.138250	21.382500
10.762526	2.152505	21.525052
10.833802	2.166760	21.667604
10.905078	2.181016	21.810156
10.976354	2.195271	21.952708
11.047630	2.209526	22.095260
11.118906	2.223781	22.237812
11.190182	2.238036	22.380365
11.261458	2.252292	22.522917
11.332734	2.266547	22.665469
11.404010	2.280802	22.808021
11.475287	2.295057	22.950573
11.546563	2.309313	23.093125
11.617839	2.323568	23.235677
11.689115	2.337823	23.378229
11.760391	2.352078	23.520782
11.831667	2.366333	23.663334
11.902943	2.380589	23.805886
11.974219	2.394844	23.948438
12.045495	2.409099	24.090990
12.116771	2.423354	24.233542
12.188047	2.437609	24.376094
12.259323	2.451865	24.518646
12.330599	2.466120	24.661199
12.401875	2.480375	24.803751
12.473151	2.494630	24.946303
12.544428	2.508886	25.088855
12.615704	2.523141	25.231407
12.686980	2.537396	25.373959
12.758256	2.551651	25.516511
12.829532	2.565906	25.659064
12.900808	2.580162	25.801616
12.972084	2.594417	25.944168
13.043360	2.608672	26.086720
13.114636	2.622927	26.229272
13.185912	2.637182	26.371824
13.257188	2.651438	26.514376
13.328464	2.665693	26.656928
13.399740	2.679948	26.799481
13.471016	2.694203	26.942033
13.542292	2.708458	27.084585
13.613568	2.722714	27.227137
13.684845	2.736969	27.369689
13.756121	2.751224	27.512241
13.827397	2.765479	27.654793
13.898673	2.779735	27.797346
13.969949	2.793990	27.939898
14.041225	2.808245	28.082450
14.112501	2.822500	28.225002
14.183777	2.836755	28.367554
14.255053	2.851011	28.510106
14.326329	2.865266	28.652658
14.397605	2.879521	28.795210
14.468881	2.893776	28.937763
14.540157	2.908031	29.080315
14.611433	2.922287	29.222867
14.682709	2.936542	29.365419
14.753986	2.950797	29.507971
14.825262	2.965052	29.650523
14.896538	2.979308	29.793075
14.967814	2.993563	29.935627
15.039090	3.007818	30.078180
15.110366	3.022073	30.220732
15.181642	3.036328	30.363284
15.252918	3.050584	30.505836
15.324194	3.064839	30.648388
15.395470	3.079094	30.790940
15.466746	3.093349	30.933492
15.538022	3.107604	31.076045
15.609298	3.121860	31.218597
15.680574	3.136115	31.361149
15.751850	3.150370	31.503701
15.823127	3.164625	31.646253
15.894403	3.178881	31.788805
15.965679	3.193136	31.931357
16.036955	3.207391	32.073909
16.108231	3.221646	32.216462
16.179507	3.235901	32.359014
16.250783	3.250157	32.501566
16.322059	3.264412	32.644118
16.393335	3.278667	32.786670
16.464611	3.292922	32.929222
16.535887	3.307177	33.071774
16.607163	3.321433	33.214326
16.678439	3.335688	33.356879
16.749715	3.349943	33.499431
16.820991	3.364198	33.641983
16.892268	3.378454	33.784535
16.963544	3.392709	33.927087
17.034820	3.406964	34.069639
17.106096	3.421219	34.212191
17.177372	3.435474	34.354744
17.248648	3.449730	34.497296
17.319924	3.463985	34.639848
17.391200	3.478240	34.782400
17.462476	3.492495	34.924952
17.533752	3.506750	35.067504
17.605028	3.521006	35.210056
17.676304	3.535261	35.352608
17.747580	3.549516	35.495161
17.818856	3.563771	35.637713
17.890132	3.578026	35.780265
17.961408	3.592282	35.922817
18.032685	3.606537	36.065369
18.103961	3.620792	36.207921
18.175237	3.635047	36.350473
18.246513	3.649303	36.493026
18.317789	3.663558	36.635578
18.389065	3.677813	36.778130
18.460341	3.692068	36.920682
18.531617	3.706323	37.063234
18.602893	3.720579	37.205786
18.674169	3.734834	37.348338
18.745445	3.749089	37.490890
18.816721	3.763344	37.633443
18.887997	3.777599	37.775995
18.959273	3.791855	37.918547
19.030549	3.806110	38.061099
19.101826	3.820365	38.203651
19.173102	3.834620	38.346203
19.244378	3.848876	38.488755
19.315654	3.863131	38.631307
19.386930	3.877386	38.773860
19.458206	3.891641	38.916412
19.529482	3.905896	39.058964
19.600758	3.920152	39.201516
19.672034	3.934407	39.344068
19.743310	3.948662	39.486620
19.814586	3.962917	39.629172
19.885862	3.977172	39.771725
19.957138	3.991428	39.914277
20.028414	4.005683	40.056829
20.099690	4.019938	40.199381
20.170967	4.034193	40.341933
20.242243	4.048449	40.484485
20.313519	4.062704	40.627037
20.384795	4.076959	40.769589
20.456071	4.091214	40.912142
20.527347	4.105469	41.054694
20.598623	4.119725	41.197246
20.669899	4.133980	41.339798
20.741175	4.148235	41.482350
20.812451	4.162490	41.624902
20.883727	4.176745	41.767454
20.955003	4.191001	41.910007
21.026279	4.205256	42.052559
21.097555	4.219511	42.195111
21.168831	4.233766	42.337663
21.240108	4.248022	42.480215
21.311384	4.262277	42.622767
21.382660	4.276532	42.765319
21.453936	4.290787	42.907871
21.525212	4.305042	43.050424
21.596488	4.319298	43.192976
21.667764	4.333553	43.335528
21.739040	4.347808	43.478080
21.810316	4.362063	43.620632
21.881592	4.376318	43.763184
21.952868	4.390574	43.905736
22.024144	4.404829	44.048288
22.095420	4.419084	44.190841
22.166696	4.433339	44.333393
22.237972	4.447594	44.475945
22.309248	4.461850	44.618497
22.380525	4.476105	44.761049
22.451801	4.490360	44.903601
22.523077	4.504615	45.046153
22.594353	4.518871	45.188706
22.665629	4.533126	45.331258
22.736905	4.547381	45.473810
22.808181	4.561636	45.616362
22.879457	4.575891	45.758914
22.950733	4.590147	45.901466
23.022009	4.604402	46.044018
23.093285	4.618657	46.186570
23.164561	4.632912	46.329123
23.235837	4.647167	46.471675
23.307113	4.661423	46.614227
23.378389	4.675678	46.756779
23.449666	4.689933	46.899331
23.520942	4.704188	47.041883
23.592218	4.718444	47.184435
23.663494	4.732699	47.326987
23.734770	4.746954	47.469540
23.806046	4.761209	47.612092
23.877322	4.775464	47.754644
23.948598	4.789720	47.897196
24.019874	4.803975	48.039748
24.091150	4.818230	48.182300
24.162426	4.832485	48.324852
24.233702	4.846740	48.467405
24.304978	4.860996	48.609957
24.376254	4.875251	48.752509
24.447530	4.889506	48.895061
24.518807	4.903761	49.037613
24.590083	4.918017	49.180165
24.661359	4.932272	49.322717
24.732635	4.946527	49.465269
24.803911	4.960782	49.607822
24.875187	4.975037	49.750374
24.946463	4.989293	49.892926
25.017739	5.003548	50.035478
25.089015	5.017803	50.178030
25.160291	5.032058	50.320582
25.231567	5.046313	50.463134
25.302843	5.060569	50.605687
25.374119	5.074824	50.748239
25.445395	5.089079	50.890791
25.516671	5.103334	51.033343
25.587948	5.117590	51.175895
25.659224	5.131845	51.318447
25.730500	5.146100	51.460999
25.801776	5.160355	51.603551
25.873052	5.174610	51.746104
25.944328	5.188866	51.888656
26.015604	5.203121	52.031208
26.086880	5.217376	52.173760
26.158156	5.231631	52.316312
26.229432	5.245886	52.458864
26.300708	5.260142	52.601416
26.371984	5.274397	52.743968
26.443260	5.288652	52.886521
26.514536	5.302907	53.029073
26.585812	5.317162	53.171625
26.657089	5.331418	53.314177
26.728365	5.345673	53.456729
26.799641	5.359928	53.599281
26.870917	5.374183	53.741833
26.942193	5.388439	53.884386
27.013469	5.402694	54.026938
27.084745	5.416949	54.169490
27.156021	5.431204	54.312042
27.227297	5.445459	54.454594
27.298573	5.459715	54.597146
27.369849	5.473970	54.739698
27.441125	5.488225	54.882250
27.512401	5.502480	55.024803
27.583677	5.516735	55.167355
27.654953	5.530991	55.309907
27.726229	5.545246	55.452459
27.797506	5.559501	55.595011
27.868782	5.573756	55.737563
27.940058	5.588012	55.880115
28.011334	5.602267	56.022668
28.082610	5.616522	56.165220
28.153886	5.630777	56.307772
28.225162	5.645032	56.450324
28.296438	5.659288	56.592876
28.367714	5.673543	56.735428
28.438990	5.687798	56.877980
28.510266	5.702053	57.020532
28.581542	5.716308	57.163085
28.652818	5.730564	57.305637
28.724094	5.744819	57.448189
28.795370	5.759074	57.590741
28.866647	5.773329	57.733293
28.937923	5.787585	57.875845
29.009199	5.801840	58.018397
29.080475	5.816095	58.160949
29.151751	5.830350	58.303502
29.223027	5.844605	58.446054
29.294303	5.858861	58.588606
29.365579	5.873116	58.731158
29.436855	5.887371	58.873710
29.508131	5.901626	59.016262
29.579407	5.915881	59.158814
29.650683	5.930137	59.301367
29.721959	5.944392	59.443919
29.793235	5.958647	59.586471
29.864511	5.972902	59.729023
29.935788	5.987158	59.871575
30.007064	6.001413	60.014127
30.078340	6.015668	60.156679
30.149616	6.029923	60.299231
30.220892	6.044178	60.441784
30.292168	6.058434	60.584336
30.363444	6.072689	60.726888
30.434720	6.086944	60.869440
30.505996	6.101199	61.011992
30.577272	6.115454	61.154544
30.648548	6.129710	61.297096
30.719824	6.143965	61.439648
30.791100	6.158220	61.582201
30.862376	6.172475	61.724753
30.933652	6.186730	61.867305
31.004929	6.200986	62.009857
31.076205	6.215241	62.152409
31.147481	6.229496	62.294961
31.218757	6.243751	62.437513
31.290033	6.258007	62.580066
31.361309	6.272262	62.722618
31.432585	6.286517	62.865170
31.503861	6.300772	63.007722
31.575137	6.315027	63.150274
31.646413	6.329283	63.292826
31.717689	6.343538	63.435378
31.788965	6.357793	63.577930
31.860241	6.372048	63.720483
31.931517	6.386303	63.863035
32.002793	6.400559	64.005587
32.074069	6.414814	64.148139
32.145346	6.429069	64.290691
32.216622	6.443324	64.433243
32.287898	6.457580	64.575795
32.359174	6.471835	64.718348
32.430450	6.486090	64.860900
32.501726	6.500345	65.003452
32.573002	6.514600	65.146004
32.644278	6.528856	65.288556
32.715554	6.543111	65.431108
32.786830	6.557366	65.573660
32.858106	6.571621	65.716212
32.929382	6.585876	65.858765
33.000658	6.600132	66.001317
33.071934	6.614387	66.143869
33.143210	6.628642	66.286421
33.214487	6.642897	66.428973
33.285763	6.657153	66.571525
33.357039	6.671408	66.714077
33.428315	6.685663	66.856629
33.499591	6.699918	66.999182
33.570867	6.714173	67.141734
33.642143	6.728429	67.284286
33.713419	6.742684	67.426838
33.784695	6.756939	67.569390
33.855971	6.771194	67.711942
33.927247	6.785449	67.854494
33.998523	6.799705	67.997047
34.069799	6.813960	68.139599
34.141075	6.828215	68.282151
34.212351	6.842470	68.424703
34.283628	6.856726	68.567255
34.354904	6.870981	68.709807
34.426180	6.885236	68.852359
34.497456	6.899491	68.994911
34.568732	6.913746	69.137464
34.640008	6.928002	69.280016
34.711284	6.942257	69.422568
34.782560	6.956512	69.565120
34.853836	6.970767	69.707672
34.925112	6.985022	69.850224
34.996388	6.999278	69.992776
35.067664	7.013533	70.135328
35.138940	7.027788	70.277881
35.210216	7.042043	70.420433
35.281492	7.056298	70.562985
35.352769	7.070554	70.705537
35.424045	7.084809	70.848089
35.495321	7.099064	70.990641
35.566597	7.113319	71.133193
35.637873	7.127575	71.275746
35.709149	7.141830	71.418298
35.780425	7.156085	71.560850
35.851701	7.170340	71.703402
35.922977	7.184595	71.845954
35.994253	7.198851	71.988506
36.065529	7.213106	72.131058
36.136805	7.227361	72.273610
36.208081	7.241616	72.416163
36.279357	7.255871	72.558715
36.350633	7.270127	72.701267
36.421909	7.284382	72.843819
36.493186	7.298637	72.986371
36.564462	7.312892	73.128923
36.635738	7.327148	73.271475
36.707014	7.341403	73.414028
36.778290	7.355658	73.556580
36.849566	7.369913	73.699132
36.920842	7.384168	73.841684
36.992118	7.398424	73.984236
37.063394	7.412679	74.126788
37.134670	7.426934	74.269340
37.205946	7.441189	74.411892
37.277222	7.455444	74.554445
37.348498	7.469700	74.696997
37.419774	7.483955	74.839549
37.491050	7.498210	74.982101
37.562327	7.512465	75.124653
37.633603	7.526721	75.267205
37.704879	7.540976	75.409757
37.776155	7.555231	75.552309
37.847431	7.569486	75.694862
37.918707	7.583741	75.837414
37.989983	7.597997	75.979966
38.061259	7.612252	76.122518
38.132535	7.626507	76.265070
38.203811	7.640762	76.407622
38.275087	7.655017	76.550174
38.346363	7.669273	76.692727
38.417639	7.683528	76.835279
38.488915	7.697783	76.977831
38.560191	7.712038	77.120383
38.631468	7.726294	77.262935
38.702744	7.740549	77.405487
38.774020	7.754804	77.548039
38.845296	7.769059	77.690591
38.916572	7.783314	77.833144
38.987848	7.797570	77.975696
39.059124	7.811825	78.118248
39.130400	7.826080	78.260800
39.201676	7.840335	78.403352
39.272952	7.854590	78.545904
39.344228	7.868846	78.688456
39.415504	7.883101	78.831009
39.486780	7.897356	78.973561
39.558056	7.911611	79.116113
39.629332	7.925866	79.258665
39.700609	7.940122	79.401217
39.771885	7.954377	79.543769
39.843161	7.968632	79.686321
39.914437	7.982887	79.828873
39.985713	7.997143	79.971426
40.056989	8.011398	80.113978
40.128265	8.025653	80.256530
40.199541	8.039908	80.399082
40.270817	8.054163	80.541634
40.342093	8.068419	80.684186
40.413369	8.082674	80.826738
40.484645	8.096929	80.969290
40.555921	8.111184	81.111843
40.627197	8.125439	81.254395
40.698473	8.139695	81.396947
40.769749	8.153950	81.539499
40.841026	8.168205	81.682051
40.912302	8.182460	81.824603
40.983578	8.196716	81.967155
41.054854	8.210971	82.109708
41.126130	8.225226	82.252260
41.197406	8.239481	82.394812
41.268682	8.253736	82.537364
41.339958	8.267992	82.679916
41.411234	8.282247	82.822468
41.482510	8.296502	82.965020
41.553786	8.310757	83.107572
41.625062	8.325012	83.250125
41.696338	8.339268	83.392677
41.767614	8.353523	83.535229
41.838890	8.367778	83.677781
41.910167	8.382033	83.820333
41.981443	8.396289	83.962885
42.052719	8.410544	84.105437
42.123995	8.424799	84.247989
42.195271	8.439054	84.390542
42.266547	8.453309	84.533094
42.337823	8.467565	84.675646
42.409099	8.481820	84.818198
42.480375	8.496075	84.960750
42.551651	8.510330	85.103302
42.622927	8.524585	85.245854
42.694203	8.538841	85.388407
42.765479	8.553096	85.530959
42.836755	8.567351	85.673511
42.908031	8.581606	85.816063
42.979308	8.595862	85.958615
43.050584	8.610117	86.101167
43.121860	8.624372	86.243719
43.193136	8.638627	86.386271
43.264412	8.652882	86.528824
43.335688	8.667138	86.671376
43.406964	8.681393	86.813928
43.478240	8.695648	86.956480
43.549516	8.709903	87.099032
43.620792	8.724158	87.241584
43.692068	8.738414	87.384136
43.763344	8.752669	87.526689
43.834620	8.766924	87.669241
43.905896	8.781179	87.811793
43.977172	8.795434	87.954345
44.048449	8.809690	88.096897
44.119725	8.823945	88.239449
44.191001	8.838200	88.382001
44.262277	8.852455	88.524553
44.333553	8.866711	88.667106
44.404829	8.880966	88.809658
44.476105	8.895221	88.952210
44.547381	8.909476	89.094762
44.618657	8.923731	89.237314
44.689933	8.937987	89.379866
44.761209	8.952242	89.522418
44.832485	8.966497	89.664970
44.903761	8.980752	89.807523
44.975037	8.995007	89.950075
45.046313	9.009263	90.092627
45.117590	9.023518	90.235179
45.188866	9.037773	90.377731
45.260142	9.052028	90.520283
45.331418	9.066284	90.662835
45.402694	9.080539	90.805388
45.473970	9.094794	90.947940
45.545246	9.109049	91.090492
45.616522	9.123304	91.233044
45.687798	9.137560	91.375596
45.759074	9.151815	91.518148
45.830350	9.166070	91.660700
45.901626	9.180325	91.803252
45.972902	9.194580	91.945805
46.044178	9.208836	92.088357
46.115454	9.223091	92.230909
46.186730	9.237346	92.373461
46.258007	9.251601	92.516013
46.329283	9.265857	92.658565
46.400559	9.280112	92.801117
46.471835	9.294367	92.943669
46.543111	9.308622	93.086222
46.614387	9.322877	93.228774
46.685663	9.337133	93.371326
46.756939	9.351388	93.513878
46.828215	9.365643	93.656430
46.899491	9.379898	93.798982
46.970767	9.394153	93.941534
47.042043	9.408409	94.084087
47.113319	9.422664	94.226639
47.184595	9.436919	94.369191
47.255871	9.451174	94.511743
47.327148	9.465430	94.654295
47.398424	9.479685	94.796847
47.469700	9.493940	94.939399
47.540976	9.508195	95.081951
47.612252	9.522450	95.224504
47.683528	9.536706	95.367056
47.754804	9.550961	95.509608
47.826080	9.565216	95.652160
47.897356	9.579471	95.794712
47.968632	9.593726	95.937264
48.039908	9.607982	96.079816
48.111184	9.622237	96.222369
48.182460	9.636492	96.364921
48.253736	9.650747	96.507473
48.325012	9.665002	96.650025
48.396289	9.679258	96.792577
48.467565	9.693513	96.935129
48.538841	9.707768	97.077681
48.610117	9.722023	97.220233
48.681393	9.736279	97.362786
48.752669	9.750534	97.505338
48.823945	9.764789	97.647890
48.895221	9.779044	97.790442
48.966497	9.793299	97.932994
49.037773	9.807555	98.075546
49.109049	9.821810	98.218098
49.180325	9.836065	98.360650
49.251601	9.850320	98.503203
49.322877	9.864575	98.645755
49.394153	9.878831	98.788307
49.465430	9.893086	98.930859
49.536706	9.907341	99.073411
49.607982	9.921596	99.215963
49.679258	9.935852	99.358515
49.750534	9.950107	99.501068
49.821810	9.964362	99.643620
49.893086	9.978617	99.786172
49.964362	9.992872	99.928724
50.035638	10.007128	100.071276
50.106914	10.021383	100.213828
50.178190	10.035638	100.356380
50.249466	10.049893	100.498932
50.320742	10.064148	100.641485
50.392018	10.078404	100.784037
50.463294	10.092659	100.926589
50.534570	10.106914	101.069141
50.605847	10.121169	101.211693
50.677123	10.135425	101.354245
50.748399	10.149680	101.496797
50.819675	10.163935	101.639350
50.890951	10.178190	101.781902
50.962227	10.192445	101.924454
51.033503	10.206701	102.067006
51.104779	10.220956	102.209558
51.176055	10.235211	102.352110
51.247331	10.249466	102.494662
51.318607	10.263721	102.637214
51.389883	10.277977	102.779767
51.461159	10.292232	102.922319
51.532435	10.306487	103.064871
51.603711	10.320742	103.207423
51.674988	10.334998	103.349975
51.746264	10.349253	103.492527
51.817540	10.363508	103.635079
51.888816	10.377763	103.777631
51.960092	10.392018	103.920184
52.031368	10.406274	104.062736
52.102644	10.420529	104.205288
52.173920	10.434784	104.347840
52.245196	10.449039	104.490392
52.316472	10.463294	104.632944
52.387748	10.477550	104.775496
52.459024	10.491805	104.918049
52.530300	10.506060	105.060601
52.601576	10.520315	105.203153
52.672852	10.534570	105.345705
52.744129	10.548826	105.488257
52.815405	10.563081	105.630809
52.886681	10.577336	105.773361
52.957957	10.591591	105.915913
53.029233	10.605847	106.058466
53.100509	10.620102	106.201018
53.171785	10.634357	106.343570
53.243061	10.648612	106.486122
53.314337	10.662867	106.628674
53.385613	10.677123	106.771226
53.456889	10.691378	106.913778
53.528165	10.705633	107.056330
53.599441	10.719888	107.198883
53.670717	10.734143	107.341435
53.741993	10.748399	107.483987
53.813270	10.762654	107.626539
53.884546	10.776909	107.769091
53.955822	10.791164	107.911643
54.027098	10.805420	108.054195
54.098374	10.819675	108.196748
54.169650	10.833930	108.339300
54.240926	10.848185	108.481852
54.312202	10.862440	108.624404
54.383478	10.876696	108.766956
54.454754	10.890951	108.909508
54.526030	10.905206	109.052060
54.597306	10.919461	109.194612
54.668582	10.933716	109.337165
54.739858	10.947972	109.479717
54.811134	10.962227	109.622269
54.882410	10.976482	109.764821
54.953687	10.990737	109.907373
55.024963	11.004993	110.049925
55.096239	11.019248	110.192477
55.167515	11.033503	110.335030
55.238791	11.047758	110.477582
55.310067	11.062013	110.620134
55.381343	11.076269	110.762686
55.452619	11.090524	110.905238
55.523895	11.104779	111.047790
55.595171	11.119034	111.190342
55.666447	11.133289	111.332894
55.737723	11.147545	111.475447
55.808999	11.161800	111.617999
55.880275	11.176055	111.760551
55.951551	11.190310	111.903103
56.022828	11.204566	112.045655
56.094104	11.218821	112.188207
56.165380	11.233076	112.330759
56.236656	11.247331	112.473311
56.307932	11.261586	112.615864
56.379208	11.275842	112.758416
56.450484	11.290097	112.900968
56.521760	11.304352	113.043520
56.593036	11.318607	113.186072
56.664312	11.332862	113.328624
56.735588	11.347118	113.471176
56.806864	11.361373	113.613729
56.878140	11.375628	113.756281
56.949416	11.389883	113.898833
57.020692	11.404138	114.041385
57.091969	11.418394	114.183937
57.163245	11.432649	114.326489
57.234521	11.446904	114.469041
57.305797	11.461159	114.611593
57.377073	11.475415	114.754146
57.448349	11.489670	114.896698
57.519625	11.503925	115.039250
57.590901	11.518180	115.181802
57.662177	11.532435	115.324354
57.733453	11.546691	115.466906
57.804729	11.560946	115.609458
57.876005	11.575201	115.752010
57.947281	11.589456	115.894563
58.018557	11.603711	116.037115
58.089833	11.617967	116.179667
58.161110	11.632222	116.322219
58.232386	11.646477	116.464771
58.303662	11.660732	116.607323
58.374938	11.674988	116.749875
58.446214	11.689243	116.892428
58.517490	11.703498	117.034980
58.588766	11.717753	117.177532
58.660042	11.732008	117.320084
58.731318	11.746264	117.462636
58.802594	11.760519	117.605188
58.873870	11.774774	117.747740
58.945146	11.789029	117.890292
59.016422	11.803284	118.032845
59.087698	11.817540	118.175397
59.158974	11.831795	118.317949
59.230250	11.846050	118.460501
59.301527	11.860305	118.603053
59.372803	11.874561	118.745605
59.444079	11.888816	118.888157
59.515355	11.903071	119.030710
59.586631	11.917326	119.173262
59.657907	11.931581	119.315814
59.729183	11.945837	119.458366
59.800459	11.960092	119.600918
59.871735	11.974347	119.743470
59.943011	11.988602	119.886022
60.014287	12.002857	120.028574
60.085563	12.017113	120.171127
60.156839	12.031368	120.313679
60.228115	12.045623	120.456231
60.299391	12.059878	120.598783
60.370668	12.074134	120.741335
60.441944	12.088389	120.883887
60.513220	12.102644	121.026439
60.584496	12.116899	121.168991
60.655772	12.131154	121.311544
60.727048	12.145410	121.454096
60.798324	12.159665	121.596648
60.869600	12.173920	121.739200
60.940876	12.188175	121.881752
61.012152	12.202430	122.024304
61.083428	12.216686	122.166856
61.154704	12.230941	122.309409
61.225980	12.245196	122.451961
61.297256	12.259451	122.594513
61.368532	12.273706	122.737065
61.439809	12.287962	122.879617
61.511085	12.302217	123.022169
61.582361	12.316472	123.164721
61.653637	12.330727	123.307273
61.724913	12.344983	123.449826
61.796189	12.359238	123.592378
61.867465	12.373493	123.734930
61.938741	12.387748	123.877482
62.010017	12.402003	124.020034
62.081293	12.416259	124.162586
62.152569	12.430514	124.305138
62.223845	12.444769	124.447691
62.295121	12.459024	124.590243
62.366397	12.473279	124.732795
62.437673	12.487535	124.875347
62.508950	12.501790	125.017899
62.580226	12.516045	125.160451
62.651502	12.530300	125.303003
62.722778	12.544556	125.445555
62.794054	12.558811	125.588108
62.865330	12.573066	125.730660
62.936606	12.587321	125.873212
63.007882	12.601576	126.015764
63.079158	12.615832	126.158316
63.150434	12.630087	126.300868
63.221710	12.644342	126.443420
63.292986	12.658597	126.585972
63.364262	12.672852	126.728525
63.435538	12.687108	126.871077
63.506814	12.701363	127.013629
63.578091	12.715618	127.156181
63.649367	12.729873	127.298733
63.720643	12.744129	127.441285
63.791919	12.758384	127.583837
63.863195	12.772639	127.726390
63.934471	12.786894	127.868942
64.005747	12.801149	128.011494
64.077023	12.815405	128.154046
64.148299	12.829660	128.296598
64.219575	12.843915	128.439150
64.290851	12.858170	128.581702
64.362127	12.872425	128.724254
64.433403	12.886681	128.866807
64.504679	12.900936	129.009359
64.575955	12.915191	129.151911
64.647231	12.929446	129.294463
64.718508	12.943702	129.437015
64.789784	12.957957	129.579567
64.861060	12.972212	129.722119
64.932336	12.986467	129.864671
65.003612	13.000722	130.007224
65.074888	13.014978	130.149776
65.146164	13.029233	130.292328
65.217440	13.043488	130.434880
65.288716	13.057743	130.577432
65.359992	13.071998	130.719984
65.431268	13.086254	130.862536
65.502544	13.100509	131.005089
65.573820	13.114764	131.147641
65.645096	13.129019	131.290193
65.716372	13.143274	131.432745
65.787649	13.157530	131.575297
65.858925	13.171785	131.717849
65.930201	13.186040	131.860401
66.001477	13.200295	132.002953
66.072753	13.214551	132.145506
66.144029	13.228806	132.288058
66.215305	13.243061	132.430610
66.286581	13.257316	132.573162
66.357857	13.271571	132.715714
66.429133	13.285827	132.858266
66.500409	13.300082	133.000818
66.571685	13.314337	133.143371
66.642961	13.328592	133.285923
66.714237	13.342847	133.428475
66.785513	13.357103	133.571027
66.856790	13.371358	133.713579
66.928066	13.385613	133.856131
66.999342	13.399868	133.998683
67.070618	13.414124	134.141235
67.141894	13.428379	134.283788
67.213170	13.442634	134.426340
67.284446	13.456889	134.568892
67.355722	13.471144	134.711444
67.426998	13.485400	134.853996
67.498274	13.499655	134.996548
67.569550	13.513910	135.139100
67.640826	13.528165	135.281652
67.712102	13.542420	135.424205
67.783378	13.556676	135.566757
67.854654	13.570931	135.709309
67.925931	13.585186	135.851861
67.997207	13.599441	135.994413
68.068483	13.613697	136.136965
68.139759	13.627952	136.279517
68.211035	13.642207	136.422070
68.282311	13.656462	136.564622
68.353587	13.670717	136.707174
68.424863	13.684973	136.849726
68.496139	13.699228	136.992278
68.567415	13.713483	137.134830
68.638691	13.727738	137.277382
68.709967	13.741993	137.419934
68.781243	13.756249	137.562487
68.852519	13.770504	137.705039
68.923795	13.784759	137.847591
68.995071	13.799014	137.990143
69.066348	13.813270	138.132695
69.137624	13.827525	138.275247
69.208900	13.841780	138.417799
69.280176	13.856035	138.560352
69.351452	13.870290	138.702904
69.422728	13.884546	138.845456
69.494004	13.898801	138.988008
69.565280	13.913056	139.130560
69.636556	13.927311	139.273112
69.707832	13.941566	139.415664
69.779108	13.955822	139.558216
69.850384	13.970077	139.700769
69.921660	13.984332	139.843321
69.992936	13.998587	139.985873
70.064212	14.012842	140.128425
70.135489	14.027098	140.270977
70.206765	14.041353	140.413529
70.278041	14.055608	140.556081
70.349317	14.069863	140.698633
70.420593	14.084119	140.841186
70.491869	14.098374	140.983738
70.563145	14.112629	141.126290
70.634421	14.126884	141.268842
70.705697	14.141139	141.411394
70.776973	14.155395	141.553946
70.848249	14.169650	141.696498
70.919525	14.183905	141.839051
70.990801	14.198160	141.981603
71.062077	14.212415	142.124155
71.133353	14.226671	142.266707
71.204630	14.240926	142.409259
71.275906	14.255181	142.551811
71.347182	14.269436	142.694363
71.418458	14.283692	142.836915
71.489734	14.297947	142.979468
71.561010	14.312202	143.122020
71.632286	14.326457	143.264572
71.703562	14.340712	143.407124
71.774838	14.354968	143.549676
71.846114	14.369223	143.692228
71.917390	14.383478	143.834780
71.988666	14.397733	143.977332
72.059942	14.411988	144.119885
72.131218	14.426244	144.262437
72.202494	14.440499	144.404989
72.273771	14.454754	144.547541
72.345047	14.469009	144.690093
72.416323	14.483265	144.832645
72.487599	14.497520	144.975197
72.558875	14.511775	145.117750
72.630151	14.526030	145.260302
72.701427	14.540285	145.402854
72.772703	14.554541	145.545406
72.843979	14.568796	145.687958
72.915255	14.583051	145.830510
72.986531	14.597306	145.973062
73.057807	14.611561	146.115614
73.129083	14.625817	146.258167
73.200359	14.640072	146.400719
73.271635	14.654327	146.543271
73.342911	14.668582	146.685823
73.414188	14.682838	146.828375
73.485464	14.697093	146.970927
73.556740	14.711348	147.113479
73.628016	14.725603	147.256032
73.699292	14.739858	147.398584
73.770568	14.754114	147.541136
73.841844	14.768369	147.683688
73.913120	14.782624	147.826240
73.984396	14.796879	147.968792
74.055672	14.811134	148.111344
74.126948	14.825390	148.253896
74.198224	14.839645	148.396449
74.269500	14.853900	148.539001
74.340776	14.868155	148.681553
74.412052	14.882410	148.824105
74.483329	14.896666	148.966657
74.554605	14.910921	149.109209
74.625881	14.925176	149.251761
74.697157	14.939431	149.394313
74.768433	14.953687	149.536866
74.839709	14.967942	149.679418
74.910985	14.982197	149.821970
74.982261	14.996452	149.964522
75.053537	15.010707	150.107074
75.124813	15.024963	150.249626
75.196089	15.039218	150.392178
75.267365	15.053473	150.534731
75.338641	15.067728	150.677283
75.409917	15.081983	150.819835
75.481193	15.096239	150.962387
75.552470	15.110494	151.104939
75.623746	15.124749	151.247491
75.695022	15.139004	151.390043
75.766298	15.153260	151.532595
75.837574	15.167515	151.675148
75.908850	15.181770	151.817700
75.980126	15.196025	151.960252
76.051402	15.210280	152.102804
76.122678	15.224536	152.245356
76.193954	15.238791	152.387908
76.265230	15.253046	152.530460
76.336506	15.267301	152.673012
76.407782	15.281556	152.815565
76.479058	15.295812	152.958117
76.550334	15.310067	153.100669
76.621611	15.324322	153.243221
76.692887	15.338577	153.385773
76.764163	15.352833	153.528325
76.835439	15.367088	153.670877
76.906715	15.381343	153.813430
76.977991	15.395598	153.955982
77.049267	15.409853	154.098534
77.120543	15.424109	154.241086
77.191819	15.438364	154.383638
77.263095	15.452619	154.526190
77.334371	15.466874	154.668742
77.405647	15.481129	154.811294
77.476923	15.495385	154.953847
77.548199	15.509640	155.096399
77.619475	15.523895	155.238951
77.690751	15.538150	155.381503
77.762028	15.552406	155.524055
77.833304	15.566661	155.666607
77.904580	15.580916	155.809159
77.975856	15.595171	155.951712
78.047132	15.609426	156.094264
78.118408	15.623682	156.236816
78.189684	15.637937	156.379368
78.260960	15.652192	156.521920
78.332236	15.666447	156.664472
78.403512	15.680702	156.807024
78.474788	15.694958	156.949576
78.546064	15.709213	157.092129
78.617340	15.723468	157.234681
78.688616	15.737723	157.377233
78.759892	15.751978	157.519785
78.831169	15.766234	157.662337
78.902445	15.780489	157.804889
78.973721	15.794744	157.947441
79.044997	15.808999	158.089993
79.116273	15.823255	158.232546
79.187549	15.837510	158.375098
79.258825	15.851765	158.517650
79.330101	15.866020	158.660202
79.401377	15.880275	158.802754
79.472653	15.894531	158.945306
79.543929	15.908786	159.087858
79.615205	15.923041	159.230411
79.686481	15.937296	159.372963
79.757757	15.951551	159.515515
79.829033	15.965807	159.658067
79.900310	15.980062	159.800619
79.971586	15.994317	159.943171
80.042862	16.008572	160.085723
80.114138	16.022828	160.228275
80.185414	16.037083	160.370828
80.256690	16.051338	160.513380
80.327966	16.065593	160.655932
80.399242	16.079848	160.798484
80.470518	16.094104	160.941036
80.541794	16.108359	161.083588
80.613070	16.122614	161.226140
80.684346	16.136869	161.368693
80.755622	16.151124	161.511245
80.826898	16.165380	161.653797
80.898174	16.179635	161.796349
80.969451	16.193890	161.938901
81.040727	16.208145	162.081453
81.112003	16.222401	162.224005
81.183279	16.236656	162.366557
81.254555	16.250911	162.509110
81.325831	16.265166	162.651662
81.397107	16.279421	162.794214
81.468383	16.293677	162.936766
81.539659	16.307932	163.079318
81.610935	16.322187	163.221870
81.682211	16.336442	163.364422
81.753487	16.350697	163.506974
81.824763	16.364953	163.649527
81.896039	16.379208	163.792079
81.967315	16.393463	163.934631
82.038591	16.407718	164.077183
82.109868	16.421974	164.219735
82.181144	16.436229	164.362287
82.252420	16.450484	164.504839
82.323696	16.464739	164.647392
82.394972	16.478994	164.789944
82.466248	16.493250	164.932496
82.537524	16.507505	165.075048
82.608800	16.521760	165.217600
82.680076	16.536015	165.360152
82.751352	16.550270	165.502704
82.822628	16.564526	165.645256
82.893904	16.578781	165.787809
82.965180	16.593036	165.930361
83.036456	16.607291	166.072913
83.107732	16.621546	166.215465
83.179009	16.635802	166.358017
83.250285	16.650057	166.500569
83.321561	16.664312	166.643121
83.392837	16.678567	166.785673
83.464113	16.692823	166.928226
83.535389	16.707078	167.070778
83.606665	16.721333	167.213330
83.677941	16.735588	167.355882
83.749217	16.749843	167.498434
83.820493	16.764099	167.640986
83.891769	16.778354	167.783538
83.963045	16.792609	167.926091
84.034321	16.806864	168.068643
84.105597	16.821119	168.211195
84.176873	16.835375	168.353747
84.248150	16.849630	168.496299
84.319426	16.863885	168.638851
84.390702	16.878140	168.781403
84.461978	16.892396	168.923955
84.533254	16.906651	169.066508
84.604530	16.920906	169.209060
84.675806	16.935161	169.351612
84.747082	16.949416	169.494164
84.818358	16.963672	169.636716
84.889634	16.977927	169.779268
84.960910	16.992182	169.921820
85.032186	17.006437	170.064373
85.103462	17.020692	170.206925
85.174738	17.034948	170.349477
85.246014	17.049203	170.492029
85.317291	17.063458	170.634581
85.388567	17.077713	170.777133
85.459843	17.091969	170.919685
85.531119	17.106224	171.062237
85.602395	17.120479	171.204790
85.673671	17.134734	171.347342
85.744947	17.148989	171.489894
85.816223	17.163245	171.632446
85.887499	17.177500	171.774998
85.958775	17.191755	171.917550
86.030051	17.206010	172.060102
86.101327	17.220265	172.202654
86.172603	17.234521	172.345207
86.243879	17.248776	172.487759
86.315155	17.263031	172.630311
86.386432	17.277286	172.772863
86.457708	17.291542	172.915415
86.528984	17.305797	173.057967
86.600260	17.320052	173.200519
86.671536	17.334307	173.343072
86.742812	17.348562	173.485624
86.814088	17.362818	173.628176
86.885364	17.377073	173.770728
86.956640	17.391328	173.913280
87.027916	17.405583	174.055832
87.099192	17.419838	174.198384
87.170468	17.434094	174.340936
87.241744	17.448349	174.483489
87.313020	17.462604	174.626041
87.384296	17.476859	174.768593
87.455572	17.491114	174.911145
87.526849	17.505370	175.053697
87.598125	17.519625	175.196249
87.669401	17.533880	175.338801
87.740677	17.548135	175.481353
87.811953	17.562391	175.623906
87.883229	17.576646	175.766458
87.954505	17.590901	175.909010
88.025781	17.605156	176.051562
88.097057	17.619411	176.194114
88.168333	17.633667	176.336666
88.239609	17.647922	176.479218
88.310885	17.662177	176.621771
88.382161	17.676432	176.764323
88.453437	17.690687	176.906875
88.524713	17.704943	177.049427
88.595990	17.719198	177.191979
88.667266	17.733453	177.334531
88.738542	17.747708	177.477083
88.809818	17.761964	177.619635
88.881094	17.776219	177.762188
88.952370	17.790474	177.904740
89.023646	17.804729	178.047292
89.094922	17.818984	178.189844
89.166198	17.833240	178.332396
89.237474	17.847495	178.474948
89.308750	17.861750	178.617500
89.380026	17.876005	178.760053
89.451302	17.890260	178.902605
89.522578	17.904516	179.045157
89.593854	17.918771	179.187709
89.665131	17.933026	179.330261
89.736407	17.947281	179.472813
89.807683	17.961537	179.615365
89.878959	17.975792	179.757917
89.950235	17.990047	179.900470
90.021511	18.004302	180.043022
90.092787	18.018557	180.185574
90.164063	18.032813	180.328126
90.235339	18.047068	180.470678
90.306615	18.061323	180.613230
90.377891	18.075578	180.755782
90.449167	18.089833	180.898334
90.520443	18.104089	181.040887
90.591719	18.118344	181.183439
90.662995	18.132599	181.325991
90.734272	18.146854	181.468543
90.805548	18.161110	181.611095
90.876824	18.175365	181.753647
90.948100	18.189620	181.896199
91.019376	18.203875	182.038752
91.090652	18.218130	182.181304
91.161928	18.232386	182.323856
91.233204	18.246641	182.466408
91.304480	18.260896	182.608960
91.375756	18.275151	182.751512
91.447032	18.289406	182.894064
91.518308	18.303662	183.036616
91.589584	18.317917	183.179169
91.660860	18.332172	183.321721
91.732136	18.346427	183.464273
91.803412	18.360682	183.606825
91.874689	18.374938	183.749377
91.945965	18.389193	183.891929
92.017241	18.403448	184.034481
92.088517	18.417703	184.177034
92.159793	18.431959	184.319586
92.231069	18.446214	184.462138
92.302345	18.460469	184.604690
92.373621	18.474724	184.747242
92.444897	18.488979	184.889794
92.516173	18.503235	185.032346
92.587449	18.517490	185.174898
92.658725	18.531745	185.317451
92.730001	18.546000	185.460003
92.801277	18.560255	185.602555
92.872553	18.574511	185.745107
92.943830	18.588766	185.887659
93.015106	18.603021	186.030211
93.086382	18.617276	186.172763
93.157658	18.631532	186.315315
93.228934	18.645787	186.457868
93.300210	18.660042	186.600420
93.371486	18.674297	186.742972
93.442762	18.688552	186.885524
93.514038	18.702808	187.028076
93.585314	18.717063	187.170628
93.656590	18.731318	187.313180
93.727866	18.745573	187.455733
93.799142	18.759828	187.598285
93.870418	18.774084	187.740837
93.941694	18.788339	187.883389
94.012971	18.802594	188.025941
94.084247	18.816849	188.168493
94.155523	18.831105	188.311045
94.226799	18.845360	188.453597
94.298075	18.859615	188.596150
94.369351	18.873870	188.738702
94.440627	18.888125	188.881254
94.511903	18.902381	189.023806
94.583179	18.916636	189.166358
94.654455	18.930891	189.308910
94.725731	18.945146	189.451462
94.797007	18.959401	189.594014
94.868283	18.973657	189.736567
94.939559	18.987912	189.879119
95.010835	19.002167	190.021671
95.082112	19.016422	190.164223
95.153388	19.030678	190.306775
95.224664	19.044933	190.449327
95.295940	19.059188	190.591879
95.367216	19.073443	190.734432
95.438492	19.087698	190.876984
95.509768	19.101954	191.019536
95.581044	19.116209	191.162088
95.652320	19.130464	191.304640
95.723596	19.144719	191.447192
95.794872	19.158974	191.589744
95.866148	19.173230	191.732296
95.937424	19.187485	191.874849
96.008700	19.201740	192.017401
96.079976	19.215995	192.159953
96.151252	19.230250	192.302505
96.222529	19.244506	192.445057
96.293805	19.258761	192.587609
96.365081	19.273016	192.730161
96.436357	19.287271	192.872714
96.507633	19.301527	193.015266
96.578909	19.315782	193.157818
96.650185	19.330037	193.300370
96.721461	19.344292	193.442922
96.792737	19.358547	193.585474
96.864013	19.372803	193.728026
96.935289	19.387058	193.870578
97.006565	19.401313	194.013131
97.077841	19.415568	194.155683
97.149117	19.429823	194.298235
97.220393	19.444079	194.440787
97.291670	19.458334	194.583339
97.362946	19.472589	194.725891
97.434222	19.486844	194.868443
97.505498	19.501100	195.010995
97.576774	19.515355	195.153548
97.648050	19.529610	195.296100
97.719326	19.543865	195.438652
97.790602	19.558120	195.581204
97.861878	19.572376	195.723756
97.933154	19.586631	195.866308
98.004430	19.600886	196.008860
98.075706	19.615141	196.151413
98.146982	19.629396	196.293965
98.218258	19.643652	196.436517
98.288815	19.657763	196.577631
98.357947	19.671589	196.715894
98.425653	19.685131	196.851306
98.491934	19.698387	196.983868
98.556789	19.711358	197.113579
98.620219	19.724044	197.240439
98.682224	19.736445	197.364448
98.742803	19.748561	197.485606
98.801957	19.760391	197.603914
98.859685	19.771937	197.719371
98.915988	19.783198	197.831977
98.970866	19.794173	197.941732
99.024318	19.804864	198.048637
99.076345	19.815269	198.152690
99.126947	19.825389	198.253893
99.176123	19.835225	198.352245
99.223873	19.844775	198.447747
99.270199	19.854040	198.540397
99.315099	19.863020	198.630197
99.358573	19.871715	198.717146
99.400622	19.880124	198.801244
99.441246	19.888249	198.882492
99.480444	19.896089	198.960888
99.518217	19.903643	199.036434
99.554565	19.910913	199.109129
99.589487	19.917897	199.178973
99.622983	19.924597	199.245967
99.655055	19.931011	199.310110
99.685701	19.937140	199.371402
99.714921	19.942984	199.429843
99.742717	19.948543	199.485433
99.769086	19.953817	199.538173
99.794031	19.958806	199.588061
99.817550	19.963510	199.635099
99.839643	19.967929	199.679287
99.860311	19.972062	199.720623
99.879554	19.975911	199.759109
99.897372	19.979474	199.794743
99.913764	19.982753	199.827527
99.928730	19.985746	199.857461
99.942272	19.988454	199.884543
99.954387	19.990877	199.908775
99.965078	19.993016	199.930156
99.974343	19.994869	199.948686
99.982183	19.996437	199.964365
99.988597	19.997719	199.977194
99.993586	19.998717	199.987171
99.997149	19.999430	199.994298
99.999287	19.999857	199.998575
100.000000	20.000000	200.000000
